111111111111111111111111
100000000000000000000001
100000010000000000000001
100000010000000000000001
100000010000011111100001
100000010000000000000001
100000010000000000000001
100000010000000000000001
100000010000111111100001
100000010000011111100001
100000010000011111100001
100000010000000000000001
100000010000000000000001
100011110000000000000001
100000000000000000011111
100000000000000000000001
100000000000000000000001
100000000000000000000001
100000000000000000000001
100000000000000000000001
100000000000000000000001
100000000000000000000001
100000000000000000000001
111111111111111111111111